"ntaxa"	"mpd.obs"	"mpd.rand.mean"	"mpd.rand.sd"	"mpd.obs.rank"	"mpd.obs.z"	"mpd.obs.p"	"runs"
"LC_01_S"	488	1.42267997266566	1.4728263013503	0.0171556355966135	3	-2.92302365611793	0.003	999
"LC_02_S"	641	1.40930569386988	1.47308700722026	0.0110623389566268	1	-5.76562638339407	0.001	999
"LC_02_W"	488	1.42519758392771	1.47345264343646	0.0168153801205993	4	-2.86969781013961	0.004	999
"LC_03_W"	616	1.43259404898484	1.47342282973465	0.0119235343644822	1	-3.42421797948001	0.001	999
"LC_04_W"	717	1.44142057380124	1.47297827084232	0.00835152493458162	3	-3.77867482744458	0.003	999
"LC_05_S"	615	1.45109963267501	1.47368481748759	0.0125898889738537	38	-1.79391453407407	0.038	999
"LC_05_W"	634	1.44276760718353	1.47385691746607	0.01144667852001	4	-2.71601148125189	0.004	999
"LC_07_W"	707	1.42096751656648	1.47292474986597	0.00875443891003483	1	-5.93495869163361	0.001	999
"LC_08_S"	640	1.41695562021292	1.47330861715536	0.0111310930777911	1	-5.06266514425936	0.001	999
"LC_08_W"	588	1.41541305597518	1.47368632401569	0.0131369156732353	1	-4.43584091502073	0.001	999
"LC_09_S"	639	1.38379283223404	1.47328158457845	0.0111044251042898	1	-8.05883704054562	0.001	999
"LC_09_W"	590	1.37308617971188	1.47349601654969	0.0132025222401007	1	-7.60535259943165	0.001	999
"LC_10_S"	588	1.40016090929288	1.47292675342741	0.013026020127896	1	-5.58619159344719	0.001	999
"LC_10_W"	534	1.40293288532137	1.47395174053958	0.0154245815743669	1	-4.6042646198083	0.001	999
"LC_11_S"	423	1.38567121862651	1.47324554180022	0.0195047653276426	1	-4.48989371072266	0.001	999
"LC_11_W"	620	1.39323132790432	1.47352703944572	0.011949482809166	1	-6.71959722640135	0.001	999
"LC_13_S"	475	1.43164541036123	1.47344149734013	0.0180078581083395	13	-2.32099157642405	0.013	999
"LC_13_W"	757	1.45474149803772	1.47295018815639	0.00661558907255668	5	-2.75239134700781	0.005	999
"LC_14_W"	740	1.4131206364458	1.47303609122998	0.00759154715062964	1	-7.89239052269035	0.001	999
"LC_15_W"	685	1.44968877907323	1.47331717952568	0.00988011925832238	16	-2.39150964018452	0.016	999
"LC_16_S"	694	1.40407400516439	1.47358710398738	0.00936382731672224	1	-7.4235776111388	0.001	999
"LC_16_W"	671	1.3975895492152	1.47346794482568	0.0102696174138984	1	-7.38862924998504	0.001	999
"LC_17_S"	596	1.41040566491429	1.47342930961546	0.0126183446133799	1	-4.99460481007512	0.001	999
"LC_18_S"	542	1.42176769090881	1.47291355404102	0.0149030227013974	2	-3.43191204609872	0.002	999
"LC_18_W"	525	1.43716273592781	1.47368309147952	0.015856147087016	11	-2.30323011960563	0.011	999
"LC_19_S"	440	1.37925071612369	1.47397252894948	0.0180769727833914	1	-5.2399156629156	0.001	999
"LC_20_W"	600	1.42789040136188	1.47285791090583	0.0124241485018366	2	-3.61936349499607	0.002	999
"LC_21_W"	608	1.40319569941246	1.47341021681092	0.0122072577967856	1	-5.75186651804432	0.001	999
"LC_22_W"	699	1.41215805870595	1.47342018743245	0.00899431379034331	1	-6.81120651942153	0.001	999
"W1_01_S"	628	1.43041770820848	1.4733211694963	0.0118144008317527	1	-3.63145468812165	0.001	999
"W1_02_S"	612	1.42447336851192	1.47316527400823	0.0124771388874925	1	-3.90248966011934	0.001	999
"W1_02_W"	707	1.43466324144699	1.47324390488195	0.0087088066413699	1	-4.43007463866459	0.001	999
"W1_03_W"	637	1.41542107155119	1.47352321176842	0.0113807090838196	1	-5.10531811236981	0.001	999
"W1_04_W"	666	1.41877605023911	1.47341462816204	0.0105428287444146	1	-5.18253490097514	0.001	999
"W1_05_S"	603	1.41391196084886	1.47296070837992	0.0122861678309035	1	-4.80611597886058	0.001	999
"W1_05_W"	677	1.41532130698842	1.47330400957679	0.0100324025543965	1	-5.7795430629884	0.001	999
"W1_06_S"	599	1.43259738754536	1.47345452043437	0.012623213714188	4	-3.23666649508447	0.004	999
"W1_06_W"	681	1.43404508764937	1.47296859775575	0.0100010902922407	1	-3.89192667689292	0.001	999
"W1_08_S"	527	1.38784251545426	1.47318939847035	0.0155508808000174	1	-5.4882346610231	0.001	999
"W1_08_W"	638	1.39573244171968	1.47346420370542	0.0113284543660882	1	-6.86163879676529	0.001	999
"W1_10_S"	690	1.42718819029832	1.47314576770342	0.00942306181778904	1	-4.87713848150077	0.001	999
"W1_11_W"	697	1.4225817467974	1.47336257837698	0.00904063674993457	1	-5.61695298508129	0.001	999
"W1_12_S"	648	1.42026858578788	1.47291532468483	0.0107064221674307	1	-4.91730459285505	0.001	999
"W1_12_W"	688	1.41603557548402	1.47322900068053	0.00934786988841234	1	-6.11833774744813	0.001	999
"W1_13_W"	533	1.37117348489816	1.47304568386635	0.015581398717761	1	-6.53806508731851	0.001	999
"W1_14_W"	674	1.42992501469964	1.47330740740221	0.0099649068244528	1	-4.35351714439688	0.001	999
"W1_15_W"	670	1.42581498729711	1.47325747814645	0.0101505011030978	1	-4.67390627984442	0.001	999
"W1_17_W"	350	1.40133563236167	1.47458318244818	0.0238262973667216	1	-3.07423134023406	0.001	999
"W1_18_S"	563	1.38797654091637	1.47332132097535	0.0137502266070887	1	-6.20679080408621	0.001	999
"W1_19_S"	476	1.37463290246536	1.47462450703254	0.017316492960388	1	-5.77435655105848	0.001	999
"W1_20_S"	439	1.38228606174643	1.47318784840711	0.0186220544594131	1	-4.88140483418691	0.001	999
"W1_20_W"	545	1.36177060541275	1.47316925037636	0.0149746526057696	1	-7.43914719735732	0.001	999
"W1_21_S"	556	1.41046669171006	1.4730620766952	0.0141062646150369	1	-4.43741746616745	0.001	999
"W1_21_W"	686	1.42034073047752	1.47333310613319	0.00951488146919663	1	-5.56942047331079	0.001	999
"W1_22_S"	683	1.43188016692022	1.47321229888835	0.00972694795613693	1	-4.24923955124637	0.001	999
"W1_22_W"	674	1.40601503149162	1.47347867598586	0.0101571871085326	1	-6.64196137900894	0.001	999
